128
130
132
139
145
152
157
159
162
165
166
172
176
177
189
190
193
218
220
232
233
236
237
239
241
245
247
249
251
253
259
261
263
266
272
275
278
314
316
319
325
327
329
331
333
335
337
338
339
353
370
377
396
425
428
432
436
442
449
451
455
457
460
462
464
467
473
480
484
486
489
491
493
498
501
517
519
525
535
546
548
554
557
562
564
577
584
586
589
592
596
600
606
612
614
616
620
623
626
635
638
640
642
646
650
653
657
660
662
671
673
675
685
688
694
708
709
711
712
715
720
725
727
729
733
735
737
745
747
749
754
761
772
780
799
803
806
808
810
812
818
821
824
827
836
870
877
881
883
886
888
891
892
896
898
900
907
909
911
917
923
925
931
939
943
949
959
961
963
967
975
979
983
985
987
988
990
995
999
1003
1005
1016
1019
1020
1023
1030
1032
1034
1036
1039
1042
1046
1048
1050
1052
1054
1056
1058
1060
1064
1069
1071
1073
1083
1087
1089
1095
1099
1100
1105
1106
1118
1120
1123
1125
1141
1159
1168
1170
1174
1176
1178
1188
1190
1192
1196
1198
1202
1204
1207
1209
1214
1215
1219
1226
1229
1231
1233
1236
1238
1245
1250
1253
1255
1257
1261
1268
1273
1277
1279
1282
1287
1289
1291
1294
1301
1304
1311
1315
1317
1320
1323
1325
1327
1328
1330
1332
1334
1336
1339
1341
1343
1345
1347
1349
1351
1353
1355
1357
1362
1364
1367
1373
1381
1383
1390
1394
1396
1411
1417
1429
1431
1433
1449
1451
1454
1456
1458
1461
1464
1466
1468
1473
1476
1480
1482
1485
1486
1490
1498
1505
1508
1510
1525
1527
1535
1539
1547
1550
1571
1573
1574
1587
1590
1592
1596
1599
1601
1606
1612
1615
1621
1623
1628
1633
1634
1642
1647
1649
1651
1654
1656
1657
1659
1664
1666
1669
1672
1674
1681
1686
1689
1691
1693
1731
1751
1752
1753
1760
1780
1783
1789
1790
1804
1817
1822
1831
1833
1838
1840
1841
1842
1844
1845
1848
1850
1858
1862
1865
1866
1870
1871
1873
1875
1877
1881
1883
1885
1887
1889
1890
1892
1894
1896
1899
1901
1905
1907
1910
1914
1916
1918
1921
1923
1931
1933
1936
1939
1944
1950
1952
1959
1960
1963
1966
1968
1970
1973
1980
1982
1985
1987
1990
1996
1998
2002
2004
2007
2011
2014
2017
2019
2021
2029
2032
2035
2037
2041
2046
2048
2050
2052
2054
2056
2060
2061
2063
2065
2071
2074
2078
2080
2084
2087
2103
2117
2120
2122
2126
2128
2131
2140
2142
2145
2146
2154
2155
2157
2170
2172
2178
2180
2182
2184
2186
2189
2190
2192
2197
2203
2209
2216
2218
2220
2244
2249
2255
2257
2261
2271
2279
2285
2287
2289
2293
2294
2296
2298
2300
2302
2304
2306
2312
2314
2324
2328
2330
2332
2339
2421
2428
2430
2431
2435
2444
2508
2528
2580
2638
2678
2702
2744
2762
2768
2782
2784
2786
2794
2839
2852
2868
2870
2872
2874
2877
2880
2881
2886
2888
2892
2895
2897
2899
2907
2910
2914
2916
2917
2921
2925
2927
2928
2930
2935
2937
2945
2949
2955
2959
2961
2963
2965
2967
2972
2974
2976
2978
2980
2984
2986
2989
2995
3001
3011
3015
3017
3024
3031
3033
3035
3037
3039
3047
3049
3052
3055
3056
3058
3059
3061
3065
3069
3075
3077
3078
3083
3094
3096
3098
3116
3123
3125
3127
3129
3133
3137
3139
3141
3143
3148
3151
3153
3160
3162
3168
3171
3173
3175
3177
3179
3180
3184
3191
3201
3204
3209
3213
3219
3221
3226
3230
3232
3236
3238
3253
3255
3257
3259
3266
3271
3273
3279
3281
3286
3288
3294
3296
3300
3303
3307
3310
3314
3316
3318
3320
3330
3334
3336
3340
3364
3370
3372
3375
3377
3379
3384
3386
3388
3389
3394
3402
3404
3406
3408
3412
3414
3421
3427
3429
3436
3442
3444
3454
3458
3460
3463
3466
3468
3476
3478
3482
3488
3490
3492
3494
3503
3505
3507
3514
3530
3537
3539
3556
3559
3561
3566
3575
3577
3586
3601
3602
3603
3608
3610
3619
3625
3630
3632
3634
3636
3638
3655
3663
3665
3667
3669
3671
3673
3675
3677
3687
3691
3693
3697
3701
3703
3707
3708
3709
3719
3721
3725
3727
3730
3732
3736
3739
3743
3745
3750
3756
3758
3764
3773
3775
3780
3782
3787
3795
3797
3799
3801
3803
3807
3809
3812
3814
3826
3831
3833
3836
3842
3844
3845
3846
3850
3852
3854
3859
3863
3867
3871
3877
3879
3880
3881
3883
3884
3888
3890
3893
3895
3898
3900
3902
3906
3908
3913
3915
3923
3927
3929
3931
3933
3935
3937
3942
3957
3959
3968
3978
3995
3996
4002
4016
4030
4039
4043
4045
4046
4047
4051
4053
4056
4058
4066
4074
4075
4084
4090
4092
4094
4096
4098
4100
4105
4108
4110
4111
4116
4118
4119
4124
4126
4150
4151
4159
4161
4165
4172
4174
4182
4184
4187
4191
4199
4202
4203
4205
4209
4212
4220
4222
4224
4228
4237
4240
4242
4244
4245
4247
4257
4263
4268
4273
4275
4284
4303
4329
4345
4354
4356
4360
4364
4365
4373
4377
4379
4380
4382
4385
4386
4387
4388
4391
4397
4402
4411
4412
4417
4419
4421
4428
4429
4434
4438
4441
4443
4445
4449
4450
4451
4453
4454
4455
4457
4459
4461
4464
4465
4466
4470
4475
4476
4478
4481
4483
4485
4497
4498
4501
4504
4505
4506
4510
4515
4517
4530
4536
4537
4538
4543
4546
4547
4550
4552
4554
4557
4558
4568
4576
4582
4588
4589
4590
4591
4592
4599
4601
4621
4634
4640
4652
4670
4685
4689
4693
4698
4700
4715
4721
4724
4730
4734
4736
4742
4751
4753
4755
4759
4763
4786
4789
4796
4805
4812
4814
4817
4825
4832
4842
4853
4855
4859
4861
4863
4873
4874
4877
4880
4884
4886
4891
4894
4895
4896
4906
4908
4912
4913
4914
4916
4923
4926
4933
4944
4947
4950
4951
4952
4954
4957
4958
4960
