233
2753
2758
15395
22084
22178
23410
23728
28147
33351
38702
38778
39077
40124
44123
44135
45548
46470
46864
46916
49313
49903
49906
51180
51182
52250
54263
58336
60465
61228
62736
69274
69374
69467
79419
82150
82896
84774
85641
90138
91193
92933
93741
93954
94410
97216
101460
101930
106506
110915
112625
112780
112784
113010
114481
115476
117909
117949
143947
146362
146839
147441
147792
149216
155206
155717
157411
165925
169130
169679
173894
176921
179139
182413
182416
190012
194546
198212
198440
200100
200907
204974
206293
207599
210202
210559
212423
214080
214776
216068
220817
222179
223650
231735
231978
238932
243126
244994
245093
245969
246209
248124
248159
249238
251725
253036
256956
256958
264321
265731
266805
269188
270814
271046
271699
274795
275050
276604
277394
277526
277925
277969
278623
278816
279621
280272
284926
288184
288191
288493
288585
288915
292703
293382
296192
297946
300558
303253
307780
307783
311930
313660
314241
316245
317703
320652
321737
326268
328146
328876
329081
330151
331014
332114
334400
334535
344216
344223
355165
355595
357439
357581
358418
360376
360886
360917
361415
361494
361746
362168
364044
364444
364553
367003
367343
367346
367932
368762
369098
369483
370404
370591
371639
371795
374761
375690
375880
376398
380031
380046
381675
383473
383713
390269
391181
391186
392203
392205
392385
396351
399843
403914
404682
404724
406174
406677
407025
410065
410678
410814
411735
412533
415620
416151
419835
420372
422909
423216
423582
426258
426449
426994
434904
436190
437311
437652
443987
445121
450767
454473
455819
456429
457401
457466
458692
461916
465249
465513
467594
467966
468023
468619
471149
471790
472181
472967
472986
473224
477671
477985
478516
479298
479381
479657
482011
483101
483686
486268
488759
490446
491502
491672
493063
493284
497528
501343
502441
502503
502861
502929
506714
507609
509892
510702
514760
515319
516386
520755
522071
523667
524006
524007
526373
526921
530039
531464
531533
531570
532106
535288
539049
539105
539109
539303
540565
541813
549033
549186
550440
550657
550931
551344
551740
554074
554134
555366
555370
559168
563775
564778
565061
568617
569148
570220
570456
570591
570851
570960
571377
572217
572384
575051
575662
578116
579428
580305
580942
581109
582315
584092
584529
585913
587689
589725
590874
591252
591464
591536
591940
592177
592407
592452
593676
594007
594623
595004
595006
597319
597657
599623
604975
608263
608557
608743
608916
609055
611538
611744
615089
616972
617109
617309
619540
620919
623539
624541
624602
625246
629240
630459
631138
631703
632258
636219
636614
637169
639855
640202
640305
641868
642350
642991
643259
643422
649331
649597
650669
651084
651753
651905
652369
652582
654588
654773
655252
655285
656792
657154
657204
657447
658422
658922
659539
660196
660584
663373
663720
663778
664191
664255
665298
665385
668705
670133
670358
671341
671899
673370
673520
674864
674870
680547
683771
684011
684207
685149
685166
686615
686722
687334
687908
687925
687933
688920
688934
692869
693552
693738
694110
694542
695979
701344
701811
701979
703104
704273
704948
705311
707136
708616
710776
715063
715580
719335
721319
722105
724960
724967
725300
726629
727994
729467
729575
731425
732165
734361
738002
738609
739279
740088
740425
742912
744266
748768
753494
754031
757555
759619
763345
765129
765401
765639
765646
765718
767623
768088
773790
776201
781824
785371
785952
789820
790646
790875
796504
797323
798376
798378
801145
801149
805042
809415
809674
810170
811906
814033
817568
817746
822557
824620
825002
825075
827048
827390
830482
831297
831660
832569
834049
834649
837636
839469
840371
840871
841012
842645
843220
844202
844686
844703
845236
846895
849829
849832
849836
849839
851200
854243
855616
856040
856992
857461
858745
861652
861844
864407
866107
867037
870286
871332
876138
877185
877651
877879
878460
879101
882186
884915
886820
887220
888076
891596
893966
894268
896978
899644
901790
903206
904905
905074
905849
905866
910710
910952
911286
914136
916293
916598
918143
918265
918272
924031
925902
926152
927197
927990
935569
936289
939839
940160
942501
942978
944541
946170
947616
949768
949871
951478
954919
955912
957561
960444
960448
960979
961708
962667
964011
966290
968239
970263
970942
972181
974215
976833
976927
981250
985347
988157
988965
989032
989174
989512
989514
989518
991732
993348
993825
996348
998843
999637
999640
1000053
1000254
1001128
1001943
1010577
1010704
1011393
1013581
1014681
1016850
1018569
1021242
1021930
1021954
1028729
1032838
1039808
1041592
1042526
1043289
1045034
1046089
1047626
1047728
1047877
1048452
1049046
1049130
1050329
1051005
1057812
1059025
1062019
1062184
1062376
1063052
1065214
1069012
1069600
1071435
1075533
1076375
1076392
1078245
1082769
1084710
1087184
1090685
1092912
1097970
1098208
1100329
1101850
1101863
1102655
1110414
1110416
1113952
1120691
1127043
1129256
1130396
1131011
1132881
1134083
1134853
1136787
1139864
1140037
1140598
1141081
1141572
1144786
1146850
1146983
1147360
1149289
1150782
1151852
1157197
1160418
1162395
1164084
1165559
1169216
1170442
1170445
1171374
1172721
1173140
1173571
1173686
1175564
1178203
1178645
1179867
1179975
1187916
1190693
1194879
1195515
1195734
1195994
1196072
1201018
1201538
1205821
1208169
1208276
1208920
1209601
1210151
1215166
1216004
1226066
1228154
1229422
1232058
1238388
1239761
1241418
1241923
1243051
1243658
1245165
1247598
1249043
1249871
1258673
1260636
1262315
1263312
1263972
1264454
1267296
1269670
1269937
1270451
1270875
1270876
1272256
1272431
1275871
1276633
1276699
1277735
1278317
1282984
1283065
1291886
1293379
1295597
1295870
1296741
1298496
1298595
1298771
1299110
1299747
1300618
1305135
1305521
1306628
1307207
1308534
1308727
1310049
1311721
1314775
1316351
1316794
1317618
1318700
1322094
1325863
1325868
1328010
1328308
1328552
1329241
1330129
1330997
1331317
1332238
1332551
1334624
1336460
1336555
1337859
1339455
1339661
1341042
1347701
1348016
1348693
1349363
1350100
1351295
1351997
1353676
1353682
1358003
1359626
1359943
1360050
1360699
1362359
1364041
1364490
1365669
1366988
1369976
1371606
1372256
1373546
1373549
1376138
1376693
1383040
1384842
1384872
1386720
1389658
1389704
1389871
1390332
1392650
1393467
1396823
1397910
1398370
1398391
1399193
1401246
1402044
1402634
1403872
1404710
1406647
1407066
1408195
1409284
1409877
1410164
1411612
1412000
1412977
1413430
1414478
1418136
1420279
1420445
1420541
1424116
1427282
1428310
1428728
1428741
1430689
1430795
1436404
1438560
1439853
1439855
1439857
1439896
1441322
1441418
1441919
1442155
1442770
1442788
1443384
1444131
1444389
1444669
1446073
1446916
1447125
1449058
1449360
1452200
1452643
1455415
1460742
1460874
1461027
1464736
1465199
1468130
1469447
1469462
1471791
1472163
1474106
1474330
1475595
1477265
1478628
1479897
1480117
1481443
1481446
1481887
1482000
1482070
1482931
1483031
1483782
1484447
1484721
1484723
1488117
1489839
1491021
1492267
1493159
1494054
1495504
1499380
1499585
1499806
1505762
1505813
1506573
1510105
1519704
1519820
1523573
1523589
1523724
1524168
1525660
1528028
1529375
1529813
1529884
1529962
1529980
1530983
1531252
1536584
1536710
1536725
1537209
1537220
1537854
1539207
1541478
1545660
1546909
1548337
1550593
1552598
1554285
1556335
1557859
1561953
1569388
1569694
1576713
1577539
1578387
1582985
1583840
1584066
1585125
1585798
1585959
1588870
1589191
1589318
1589843
1593954
1598474
1601694
1602674
1603464
1605259
1608659
1615273
1618001
1626837
1642171
1649186
1656892
1658841
1666852
1669633
1670736
1671286
1672184
1676063
1677391
1678619
1679077
1682152
1694594
1719812
1725649
1725654
1725655
1725656
1725657
1725658
1725659
1725664
1725666
1725668
1725671
1725707
1725710
1725712
1725716
1725722
1725724
1725732
1725733
1725736
1725737
1725740
1725742
1725743
1725744
1725745
1725746
1725747
1726671
1727094
1727145
1727147
1727151
1727303
1727420
1727700
1727895
1729496
1729535
1729596
1729649
1730196
1730659
1731104
1731733
1731943
1733767
1733781
1734737
1736204
1737881
1737939
1738426
1738644
1738657
1739106
1739553
1739610
1739958
1740056
1740205
1740408
1741216
1741285
1741342
1742574
1742842
1743006
1743059
1743063
1743534
1744000
1744341
1744473
1744650
1744770
1745097
1745373
1745798
1746369
1746708
1747103
1747402
1748478
1748971
1749537
1750233
1750235
1750942
1750953
1750960
1751047
1751118
1751130
1752396
1752577
1753013
1753407
1753504
1753524
1755343
1757017
1757152
1757182
1757488
1759348
1765916
1766727
1769872
1770193
1771514
1771794
1774186
1774714
1776305
1776634
1777812
1777815
1780481
1780769
1780951
1781094
1781228
1781260
1781658
1782672
1783583
1784430
1784840
1784843
1785300
1785484
1786208
1786806
1787185
1787206
1787209
1788203
1789766
1791246
1791278
1791384
1792075
1793009
1795469
1797301
1801713
1804095
1804195
1805040
1805507
1806007
1809477
1809502
1809864
1811567
1811698
1812209
1812692
1815037
1815943
1827313
1829263
1830920
1831377
1831671
1834567
1835726
1837157
1837883
1840964
1843011
1845190
1845958
1846382
1848841
1850014
1850126
1851228
1852268
1853068
1854386
1854388
1866410
1867694
1871303
1873007
1876674
1879208
1881522
1881850
1887444
1887664
1889324
1890563
1893342
1895360
1895978
1897791
1901818
1903795
1905670
1905674
1905952
1908145
1909622
1909682
1909931
1910744
1913065
1913294
1913351
1927314
1929544
1930453
1937488
1938063
1942621
1942751
1945962
1946305
1947754
1954567
1957117
1958315
1959012
1960624
1961219
1961575
1965547
1966053
1966366
1966707
1976429
1976518
1976665
1978434
1980178
1980734
1980896
1982129
1984405
1984613
1986789
1986792
1988077
1991052
1993390
1993649
2000849
2002989
2003572
2003754
2003892
2008611
2011802
2016010
2016667
2018848
2024181
2027035
2027292
2028932
2032510
2038336
2041071
2043458
2049948
2051855
2053312
2053391
2056431
2057659
2057825
2057968
2058529
2060216
2060423
2060576
2062362
2063266
2065562
2065964
2066086
2069972
2070989
2072302
2072517
2072798
2074343
2075760
2076494
2076722
2077477
2077795
2077941
2078686
2079889
2082479
2083747
2084089
2085045
2087172
2088296
2088298
2088361
2088725
2089800
2091232
2094440
2094586
2094600
2094771
2096766
2098834
2098836
2099286
2101375
2107567
2108515
2108941
2109239
2109610
2111474
2112547
2112796
2114010
2115610
2119631
2120245
2126512
2129048
2129117
2129598
2130261
2130410
2130826
2132724
2132916
2134845
2137738
2137986
2138701
2142825
2142830
2145320
2145921
2146307
2148827
2149111
2150040
2152025
2155050
2155054
2156638
2157940
2160098
2160944
2160955
2162947
2163413
2164408
2165087
2166664
2171937
2175929
2176291
2176895
2176976
2183374
2185744
2186808
2189491
2192129
2192192
2192903
2198856
2200610
2201674
2202023
2202024
2202030
2202032
2203387
2211181
2211495
2211569
2211911
2214627
2219753
2221566
2222974
2225804
2226640
2236974
2238393
2239540
2239548
2240832
2241453
2241507
2245525
2251697
2253755
2254708
2256264
2258724
2260126
2261637
2261723
2271825
2283398
2284364
2296333
2299291
2302482
2303225
2304936
2310628
2311881
2312269
2316485
2321301
2322395
2325359
2327285
2327502
2332729
2333465
2336501
2346971
2347332
2349052
2349333
2352068
2352180
2352803
2353572
2355413
2355472
2356596
2356621
2357477
2362112
2364350
2367249
2367400
2370186
2377422
2379780
2382049
2382052
2382930
2384682
2395149
2395539
2397541
2398630
2402792
2403441
2411313
2411699
2412742
2412749
2414050
2414824
2414925
2415554
2416727
2417674
2421348
2430583
2431526
2432678
2433199
2433924
2434143
2435087
2437433
2440697
2441306
2441536
2441774
2442915
2443174
2443187
2446452
2449532
2454166
2454403
2457379
2458047
2459261
2459582
2461414
2462219
2462816
2465257
2467324
2470247
2475473
2476849
2477640
2479702
2479816
2479819
2482330
2483656
2484024
2492988
2494282
2498614
2502183
2503918
2504448
2506540
2507485
2507964
2508387
2508460
2508461
2511225
2513360
2514465
2515144
2516740
2516848
2517206
2517487
2518227
2518848
2522198
2522788
2523694
2524373
2524841
2525439
2525684
2525693
2525960
2526273
2526845
2529632
2530275
2530711
2536033
2538053
2538831
2539257
2539628
2542860
2543429
2544734
2546122
2546187
2546336
2546372
2547417
2550349
2550414
2550640
2551823
2552170
2553528
2554694
2554820
2555053
2557051
2557736
2567741
2568123
2568152
2572205
2574531
2577035
2577730
2589230
2592633
2624140
2630503
2640319
2641347
2665520
2669193
2669438
2704424
2704742
2727727
2727868
2731190
2733113
2746445
2755763
2775550
2782675
2787493
2789577
2790639
2792700
2793037
2806510
2809841
2821763
2851247
2855536
2859298
2866420
2867326
2867603
2880885
2886652
2888637
2892818
2900557
2900920
2901727
2901956
2902176
2902541
2903517
2904003
2904484
2909534
2909693
2910667
2911581
2914920
2914923
2915664
2920723
2924455
2925240
2927677
2930303
2932461
2934191
2934675
2935849
2936068
2936220
2937530
2938491
2939263
2941308
2942156
2942192
2943017
2943883
2945421
2945823
2946015
2949091
2951744
2954049
2956823
2958245
2959543
2960332
2960360
2960364
2960410
2964698
2965327
2965335
2968281
2969401
2969999
2973398
2974526
2978695
2978948
2979670
2979675
2982051
2989653
2989656
2993942
2995956
2995958
2996646
2997345
2997348
3001557
3003554
3005179
3009334
3013005
3020074
3022995
3023488
3024662
3025689
3028587
3028939
3031022
3031568
3036567
3041158
3042841
3048305
3051583
3052727
3053402
3054543
3059737
3061908
3062436
3063925
3064312
3064414
3064418
3065517
3067649
3069919
3075089
3079884
3081427
3085608
3085756
3091317
3092674
3092677
3096256
3098449
3104486
3106402
3119342
3122037
3124313
3129906
3129909
3137636
3139924
3142161
3142164
3142174
3144568
3144917
3145361
3146242
3146982
3147515
3147820
3147898
3150134
3150137
3150175
3152149
3152568
3155920
3156335
3163208
3163704
3164912
3164916
3166080
3168834
3169249
3172270
3180229
3185258
3185881
3190523
3191924
3198812
3202432
3205792
3214283
3214750
3214811
3215787
3217207
3219450
3219781
3233825
3236229
3236237
3238614
3238695
3243834
3252115
3252148
3256133
3260830
3263952
3268067
3268494
3269149
3269514
3274617
3274626
3274653
3297338
3298677
3301941
3333558
3334222
3334858
3337262
3337317
3339804
3346031
3358169
3358172
3358318
3358874
3359488
3360033
3360795
3360814
3361682
3362239
3364144
3365779
3366480
3368959
3368977
3368981
3368982
3369004
3369007
3369020
3369026
3369030
3369035
3369036
3369042
3369046
3397828
3399324
3402538
3406169
3411485
3412102
3419172
3421082
3425236
3429109
3439813
3453252
3461534
3468274
3469364
3469823
3470596
3476402
3483907
3490444
3497954
3501088
3501810
3515949
3523055
3525356
3528825
3529559
3532673
3544900
3546421
3555676
3556781
3558004
3560068
3565718
3569403
3582029
3587929
3596828
3598455
3603598
3605193
3609944
3620070
3633791
3633800
3636068
3636715
3636871
3636902
3636911
3636945
3637008
3637028
3637054
3637062
3637063
3637186
3637189
3637191
3637306
3637343
3637383
3637421
3637675
3637707
3637708
3637730
3637807
3637821
3637828
3637887
3637928
3637930
3638068
3638076
3638206
3638254
3638260
3638261
3638313
3638338
3638384
3638411
3638412
3638438
3638439
3638440
3638454
3638474
3638507
3638579
3638671
3638738
3638740
3638837
3638856
3638857
3638858
3638859
3638863
3638909
3638925
3638967
3639052
3642615
3643585
3644150
3644667
3645644
3649224
3650318
3654001
3654117
3657078
3659155
3662014
3666395
3666397
3668047
3669312
3671507
3674980
3676781
3680249
3681502
3681865
3682006
3682008
3683346
3684240
3685743
3696524
3697416
3698845
3699071
3699871
3700678
3701944
3703142
3705327
3706252
3707189
3708532
3710126
3711477
3711598
3721393
3732159
3736206
3736297
3736435
3739032
3739367
3739485
3744193
3744306
3746984
3747196
3749216
3749338
3751460
3753077
3755667
3755860
3764555
3768396
3768546
3769513
3774768
3775681
3777246
3778468
3779947
3780619
3781841
3783321
3784055
3784679
3786659
3788936
3794621
3795680
3796340
3799340
3799345
3799836
3808153
3811320
3811976
3812181
3812969
3813294
3815395
3817065
3817641
3817829
3818566
3822239
3830403
3831337
3832082
3833590
3838255
3840117
3840183
3842011
3844495
3844940
3846969
3847356
3848181
3848528
3848829
3849844
3850272
3851166
3853282
3854514
3857137
3857269
3857271
3857592
3864787
3865051
3866464
3882712
3885259
3886600
3886634
3886910
3887301
3887565
3888208
3888211
3888669
3893236
3895986
3897052
3898973
3899484
3900242
3902611
3902918
3907879
3908379
3913394
3913702
3916224
3919952
3920823
3921569
3921720
3923037
3923268
3923644
3925027
3926609
3927041
3928647
3929203
3933620
3939420
3943320
3944230
3944336
3944356
3945311
3945852
3946958
3951106
3951752
3952663
3954855
3967138
3968211
3969191
3973944
3976330
3976984
3977414
3977416
3978875
3980494
3980789
3982070
3983374
3983954
3984019
3984493
3984718
3984939
3985869
3986107
3990183
3990229
3991262
3991391
3991741
3991880
3992165
3994311
3994314
3994353
3994850
3995544
3995915
3996895
3996899
3996905
3996906
3996910
3996912
3996916
3996943
3997829
3997846
3998400
3998821
3999286
4011311
4013772
4013943
4014300
4028599
4043915
4044777
4045413
4046958
4058938
4059192
4059772
4060442
4062037
4063128
4066747
4067297
4068255
4069373
4071430
4071489
4071786
4072596
4075511
4075938
4085269
4089535
4090127
4091867
4092402
4092406
4093895
4095062
4095100
4095138
4095421
4096289
4101146
4102451
4103646
4105226
4105236
4105686
4105714
4108523
4118359
4128706
4129674
4131552
4131571
4131830
4133271
4133424
4133482
4135197
4135529
4139458
4142241
4143072
4146838
4149042
4150508
4154949
4155711
4158094
4159639
4159694
4160545
4161675
4162348
4162398
4163596
4163641
4164649
4164661
4167305
4168398
4173569
4173964
4174706
4179037
4180288
4182413
4183075
4183077
4185240
4185958
4187109
4187914
4193828
4194951
4195054
4198317
4200839
4202608
4202816
4203864
4205221
4205461
4205595
4208424
4209126
4214719
4218614
4218616
4219162
4219205
4219946
4220155
4220640
4221078
4221332
4222753
4223504
4225110
4225475
4228098
4229637
4230064
4230993
4231024
4234431
4234848
4236597
4240445
4240452
4243306
4248027
4248257
4248261
4250684
4251852
4254132
4254911
4255700
4257759
4258428
4259746
4259748
4261944
4264174
4264398
4265953
4267809
4277184
4277188
4277191
4279260
4280878
4283242
4285045
4288892
4291635
4292454
4293454
4295434
4300959
4301873
4301891
4302931
4303856
4303990
4324833
4326706
4327607
4329793
4331193
4331942
4331944
4332135
4332344
4333251
4333295
4334184
4337420
4337493
4338725
4341025
4342046
4342826
4343562
4346175
4350362
4350591
4352674
4353318
4354679
4355037
4356291
4363052
4369071
4369094
4369095
4369545
4371052
4371695
4372700
4373042
4376863
4377395
4377701
4377901
4380327
4382368
4384628
4388336
4388727
4388948
4397831
4399376
4400303
4404093
4404099
4409021
4417173
4417477
4417489
4421544
4430990
4431101
4433769
4433770
4433775
4434657
4434658
4434660
4434662
4434664
4434666
4434670
4434672
4434681
4434682
4434684
4434685
4434687
4434715
4434719
4434720
4434721
4434722
4434723
4434724
4452725
4453788
4453805
4453812
4453815
4453816
4453822
4453825
4453827
4453828
4453829
4453832
4453835
4453837
4453838
4453840
4453843
4453845
4453847
4453848
4453855
4453856
4453867
4453869
4453871
4453950
4453966
4453968
4453970
4453974
4453975
4453976
4453977
4453978
4453982
4453984
4453986
4453987
4453999
4454003
4454005
4454007
4454016
4454025
4454036
4454337
4454340
4454341
4454344
4454346
4454352
4454363
4454370
4454373
4454375
4454377
4454378
4454383
4454385
4454388
4454389
4454391
4454392
4454393
4454395
4454396
4454398
4454399
4454404
4454406
4454408
4454409
4454410
4454411
4454412
4454413
4454415
4454417
4454419
4454421
4454422
4454423
4454425
4454428
4454430
4454432
4454434
4454438
4454439
4454441
4454443
4454444
4454447
4454448
4454449
4454450
4454451
4454453
4454455
4454457
4454459
4454461
4454465
4454466
4454477
4455625
4455628
4455846
4455848
4455852
4455860
4455861
4455862
4455886
4455898
4455925
4456069
4456088
4456089
4456094
4456107
4456109
4456110
4456112
4456123
4456124
4456127
4456130
4456135
4456149
4456150
4456152
4456160
4456162
4456185
4456187
4456669
4456670
4456678
4456680
4456683
4456691
4456695
4456707
4456708
4456709
4456712
4456716
4456722
4456723
4456725
4456727
4456728
4456747
4456759
4456762
4456767
4456792
4456797
4456801
4456814
4456824
4456829
4456831
4456842
4456848
4456850
4456891
4456893
4456952
4456963
4457142
4457154
4457160
4457164
4457166
4457168
4457173
4457179
4457181
4457183
4457184
4457188
4457191
4457193
4457194
4457195
4457197
4457200
4457204
4457205
4457206
4457207
4457209
4457211
4457216
4457219
4457221
4457222
4457223
4457228
4457229
4457230
4457232
4457233
4457234
4457235
4457237
4457242
4457246
4457250
4457254
4457255
4457256
4457257
4457258
4457260
4457263
4457264
4457265
4457266
4457267
4457268
4457271
4457273
4457274
4457275
4457277
4457278
4457279
4457283
4457285
4457286
4457287
4457289
4457294
4457296
4457298
4457299
4457300
4457303
4457304
4457306
4457308
4457309
4457310
4457311
4457313
4457314
4457315
4457317
4457319
4457322
4457324
4457326
4457329
4457331
4457333
4457335
4457337
4457338
4457339
4457341
4457342
4457343
4457344
4457345
4457346
4457347
4457348
4457350
4457351
4457352
4457353
4457354
4457355
4457357
4457359
4457363
4457364
4457367
4457368
4457370
4457371
4457374
4457377
4457381
4457395
4457402
4457404
4457408
4457410
4457411
4457412
4457413
4457416
4457417
4457418
4457419
4457422
4457423
4457427
4457431
4457432
4457433
4457435
4457436
4457437
4457439
4457443
4457454
4457456
4457458
4457459
4457461
4457463
4457466
4457471
4457475
4457476
4457481
4457491
4457493
4457497
4457498
4457501
4457502
4457506
4457507
4457514
4457517
4457523
4457524
4457536
4457541
4457549
4457551
4457575
4457663
4457668
4457669
4457676
4457685
4457693
4457709
4457876
4457930
4457934
4457944
4457959
4457964
4458018
4458047
4458295
4459031
4459045
4459049
4459051
4459053
4459055
4459059
4460094
4460099
4460100
4460103
4460105
4460109
4460113
4460115
4460119
4460130
4460132
4460134
4460196
4460198
4460200
4460212
4460224
4460226
4460228
4460230
4460234
4464305
4473411
4473484
4480531
4483493
4484448
4484502
4485533
4487602
4490312
4493683
4494506
4500606
4504029
4505113
4510695
4520120
4522239
4530987
4532051
4534743
4560831
4563756
4570879
4571779
4592412
4601540
4602545
4618887
4619581
4620381
4620383
4625419
4635474
4636944
4641727
4642649
4657148
4657948
4658478
4684843
4687457
4692266
4702415
4711407
4721430
4733484
4733864
4734793
4754592
4757495
4761418
4764409
4764490
4772433
4789587
4791577
4794654
4797171
4807529
4808704
4840813
4847625
4879671
4880719
4884897
4897173
4902524
4909802
4926646
4939378
4946628
4953584
4953587
4954293
4954295
4954296
4961679
4961680
4961682
4961686
4961688
4961696
4961697
4961713
4961715
4961718
4961719
4961721
4962167
4962172
4962173
4962174
4962176
4962221
4974247
4976632
4977545
4979899
4987626
4987737
4994814
5001903
5001908
5001917
5001934
5001998
5002062
5002282
5002326
5002327
5002336
5002337
5002339
5003309
5019209
5024929
5044774
5046048
5047238
5047564
5047566
5063239
5065336
5089663
5131923
5135053
5139312
5159198
5161486
5163539
5165954
5171243
5180575
5181474
5203365
5204057
5217577
5217580
5217585
5219449
5221026
5241276
5244922
5247777
5248995
5252300
5276077
5303683
5312045
5312988
5318578
5321858
5328989
5339661
5342140
5349719
5358753
5382772
5400470
5405497
5418762
5421852
5425740
5444743
5457870
5459549
5480997
5481020
5492872
5518430
5521910
5524179
5537920
5546714
5573070
5578497
5591899
5596751
5606087
5612365
5634583
5636091
5643478
5650944
5655644
5657060
5661323
5664020
5664329
5665871
5673848
5684979
5685106
5691201
5696416
